[hand_eye_calibration]
x = -0.04877826285294202
y = -0.04715446231656971
z = 0.11557925831468013
qx = -0.008989407520818612
qy = 0.09914488703505796
qz = 0.029161989710724208
qw = 0.9946049770051133

