[hand_eye_calibration]
x = -0.057821513412542415
y = 0.2103532287537523
z = 0.26844086630263686
qx = 0.5010863829891191
qy = 0.5064906603442072
qz = 0.010187437716499355
qw = 0.7016237338344131

